AL, 10, 2023082918,   , BEST,   0, 253N,  848W,  80,  973,   ,  34, NEQ,  120,  140,   50,   60, 1013,     ,  15,     ,    ,    ,    ,    ,  0,  15,    IDALIA  ,   9,    3, 1, 1, 1, 1,     34.3,   39.5,   12.6,   17.4,    1.4771,   1.6220,   1.6442,   1.5301,   1.5503,  79.6996,  79.6996,  79.6996,  79.6996
AL, 10, 2023082918,   , BEST,   0, 253N,  848W,  80,  973,   ,  50, NEQ,   50,   40,   20,   30, 1013,     ,  15,     ,    ,    ,    ,    ,  0,  15,    IDALIA  ,   9,    3, 1, 1, 1, 1,     19.5,   13.9,    8.2,   14.5,    1.4771,   1.5592,   1.5353,   1.5113,   1.5377,  79.6996,  79.6996,  79.6996,  79.6996
AL, 10, 2023082918,   , BEST,   0, 253N,  848W,  80,  973,   ,  64, NEQ,   20,   15,   10,   10, 1013,     ,  15,     ,    ,    ,    ,    ,  0,  15,    IDALIA  ,   9,    3, 1, 1, 1, 1,     11.2,    7.4,    6.7,    9.0,    1.4771,   1.5242,   1.5080,   1.5050,   1.5148,  79.6996,  79.6996,  79.6996,  79.6996
AL, 10, 2023082918,   , OFCL,   3, 261N,  848W,  85,  972,   ,  34, NEQ,  120,  140,   50,   60, 1013,     ,   0,     ,    ,    ,    ,    ,  0,  16,        NA  ,  10,    3, 1, 1, 1, 1,     36.1,   41.8,   13.3,   18.1,    1.6343,   1.7971,   1.8230,   1.6939,   1.7153,  84.8739,  84.8739,  84.8739,  84.8739
AL, 10, 2023082918,   , OFCL,   3, 261N,  848W,  85,  972,   ,  50, NEQ,   50,   40,   20,   20, 1013,     ,   0,     ,    ,    ,    ,    ,  0,  16,        NA  ,  10,    3, 1, 1, 1, 1,     19.6,   14.1,    8.1,    9.1,    1.6343,   1.7222,   1.6975,   1.6704,   1.6749,  84.8739,  84.8739,  84.8739,  84.8739
AL, 10, 2023082918,   , OFCL,   3, 261N,  848W,  85,  972,   ,  64, NEQ,   20,   15,   10,   10, 1013,     ,   0,     ,    ,    ,    ,    ,  0,  16,        NA  ,  10,    3, 1, 1, 1, 1,     10.6,    7.1,    6.0,    7.2,    1.6343,   1.6817,   1.6661,   1.6611,   1.6664,  84.8739,  84.8739,  84.8739,  84.8739
AL, 10, 2023082918,   , OFCL,  12, 283N,  845W, 100, 1013,   ,  34, NEQ,  100,  160,   60,   60, 1014,     ,   0,     ,    ,    ,    ,    ,  7,  15,        NA  ,  11,    3, 1, 1, 1, 1,     97.8,  156.9,   58.6,   58.6,   96.7942, 119.8942, 133.8449, 110.6250, 110.6421, 102.0093, 102.0093, 102.0093, 102.0093
AL, 10, 2023082918,   , OFCL,  12, 283N,  845W, 100, 1013,   ,  50, NEQ,   50,   50,   25,   25, 1014,     ,   0,     ,    ,    ,    ,    ,  7,  15,        NA  ,  11,    3, 1, 1, 1, 1,     49.1,   49.0,   24.5,   24.6,   96.7942, 108.3836, 108.3702, 102.5849, 102.5942, 102.0093, 102.0093, 102.0093, 102.0093
AL, 10, 2023082918,   , OFCL,  12, 283N,  845W, 100, 1013,   ,  64, NEQ,   25,   25,   15,   15, 1014,     ,   0,     ,    ,    ,    ,    ,  7,  15,        NA  ,  11,    3, 1, 1, 1, 1,     24.6,   24.6,   14.8,   14.8,   96.7942, 102.6093, 102.6045, 100.2886, 100.2927, 102.0093, 102.0093, 102.0093, 102.0093
AL, 10, 2023082918,   , OFCL,  24, 310N,  829W,  75, 1013,   ,  34, NEQ,   90,  170,   50,   40, 1014,     ,   0,     ,    ,    ,    ,    , 27,  15,        NA  ,  12,    3, 1, 1, 1, 1,     87.4,  165.8,   48.3,   38.8,   51.0376,  67.3218,  81.9224,  60.0300,  58.2597,  74.0730,  74.0730,  74.0730,  74.0730
AL, 10, 2023082918,   , OFCL,  24, 310N,  829W,  75, 1013,   ,  50, NEQ,   30,   30,   20,   15, 1014,     ,   0,     ,    ,    ,    ,    , 27,  15,        NA  ,  12,    3, 1, 1, 1, 1,     29.4,   29.2,   19.5,   14.8,   51.0376,  56.5066,  56.4762,  54.6745,  53.7864,  74.0730,  74.0730,  74.0730,  74.0730
AL, 10, 2023082918,   , OFCL,  24, 310N,  829W,  75, 1013,   ,  64, NEQ,   15,   15,   10,    0, 1014,     ,   0,     ,    ,    ,    ,    , 27,  15,        NA  ,  12,    3, 1, 1, 1, 0,     14.9,   14.8,    9.9,    0.0,   51.0376,  53.8048,  53.7860,  52.8877,  53.2349,  74.0730,  74.0730,  74.0730,  74.0730
AL, 10, 2023082918,   , OFCL,  36, 329N,  802W,  50, 1013,   ,  34, NEQ,   70,  160,   50,   30, 1014,     ,   0,     ,    ,    ,    ,    , 50,  15,        NA  ,  13,    2, 1, 1, 1, 1,     68.3,  155.0,   47.7,   29.6,   20.0373,  28.4507,  39.1266,  25.9052,  23.6821,  46.4125,  46.4125,  46.4125,  46.4125
AL, 10, 2023082918,   , OFCL,  36, 329N,  802W,  50, 1013,   ,  50, NEQ,   30,   30,   20,    0, 1014,     ,   0,     ,    ,    ,    ,    , 50,  15,        NA  ,  13,    2, 1, 1, 1, 0,     30.0,   30.0,   20.0,    0.0,   20.0373,  35.0648,  23.9892,  28.3561,  23.1157,  57.2684,  46.6851,  52.4342,  46.4125
AL, 10, 2023082918,   , OFCL,  48, 339N,  771W,  45, 1013,   ,  34, NEQ,  110,  100,   80,   50, 1014,     ,   0,     ,    ,    ,    ,    , 69,  14,        NA  ,  14,    1, 1, 1, 1, 1,    110.0,   96.2,   76.9,   50.0,   15.8296,  28.9405,  26.6462,  24.4743,  24.6990,  41.9485,  41.2525,  41.2525,  44.7247
AL, 10, 2023082918,   , OFCL,  60, 338N,  742W,  45, 1013,   ,  34, NEQ,  120,   70,   80,   90, 1014,     ,   0,     ,    ,    ,    ,    , 92,  12,        NA  ,  15,    1, 1, 1, 1, 1,    120.0,   67.3,   76.7,   89.3,   16.4038,  32.6698,  24.0849,  25.1513,  26.5978,  44.2734,  41.9940,  41.9940,  41.9940
AL, 10, 2023082918,   , OFCL,  72, 333N,  718W,  45, 1013,   ,  34, NEQ,  130,   50,   80,  120, 1014,     ,   0,     ,    ,    ,    ,    ,104,  10,        NA  ,  16,    1, 1, 1, 1, 1,    130.0,   48.0,   76.6,  118.0,   16.9956,  33.8914,  22.4997,  25.7813,  30.5188,  44.4634,  42.7448,  42.7448,  42.7448
AL, 10, 2023082918,   , OFCL,  96, 323N,  696W,  45, 1013,   ,  34, NEQ,  150,   90,   80,  110, 1014,     ,   0,     ,    ,    ,    ,    ,118,   5,        NA  ,  17,    1, 1, 1, 1, 1,    148.0,   87.3,   76.8,  107.1,   19.0495,  36.5284,  29.3582,  28.1270,  31.7009,  45.2539,  45.2539,  45.2539,  45.2539
AL, 10, 2023082918,   , OFCL, 120, 317N,  690W,  45, 1013,   ,  34, NEQ,  160,  110,   90,  110, 1014,     ,   0,     ,    ,    ,    ,    ,140,   2,        NA  ,  18,    1, 1, 1, 1, 1,    156.8,  107.0,   86.9,  106.7,   20.9387,  40.0293,  33.9664,  31.5158,  33.9367,  47.4449,  47.4449,  47.4449,  47.4449
AL, 10, 2023082918,   , OFCL, 144, 311N,  687W,  40, 1013,   ,  34, NEQ,    0,    0,    0,    0, 1014,     ,   0,     ,    ,    ,    ,    ,157,   2,        NA  ,  19,    1, 1, 1, 1, 1,    156.8,  107.0,   86.9,  106.7,   16.5445,  20.8010,  20.8010,  20.8010,  20.8010,  42.1737,  42.1737,  42.1737,  42.1737
AL, 10, 2023082918,   , OFCL, 168, 310N,  680W,  40, 1013,   ,  34, NEQ,    0,    0,    0,    0, 1014,     ,   0,     ,    ,    ,    ,    , 99,   2,        NA  ,  20,    1, 1, 1, 1, 1,    156.8,  107.0,   86.9,  106.7,   16.6219,  20.8761,  20.8761,  20.8761,  20.8761,  42.2723,  42.2723,  42.2723,  42.2723
